8882.3  7399.58
9663.77  7708.87
9418.82  6631.49
10167  6691.99
9296.75  6529.01
10314.5  6797.54
9106.04  6884.11
10906.9  6047.24
10637.1  6471.74
9888.01  7151.09
10387.1  6936.76
9814.9  5945.01
10381.6  5732.11
10208.6  7913.26
9682.62  6987.2
10029.5  7810.96
10338.4  6598.93
10753.7  6391.74
11111.5  6614.85
10573.9  6449.93
9164.58  7142.91
10587.2  8645.8
9690.74  7330.26
9978.64  8837.67
9556.14  7383.84
9960.12  6076.27
10277.2  7496.07
10308.2  7487.38
9777.55  6842.02
10619.5  8141.65
9889.18  6485.18
10534.8  7536.34
9513.26  7478.13
9535.83  6883.53
9890.25  6966.6
9426.96  7550.2
10154.4  7432.81
10431.8  7891.02
9557.89  7216.27
9938.13  7322.36
9949.86  7279.14
10517.1  6753.5
9541.24  5556.92
9989.16  6911.86
10292.6  8025.99
9349.6  6332.83
10453.5  5725.49
10828  6050.27
10814.6  6205.55
10887.4  5924.76
9286.51  7235.42
9749.88  5255.66
10489  7176.3
8846.64  7127.96
10086.9  6709.05
9812.96  6121.53
10530.4  7271.15
9669.25  6643.65
8625.06  6200.27
10048.8  6415.19
10081.5  7525.52
9916.73  6901.69
9463.83  7143.38
10140.8  7575.27
10470.7  7275.72
10170.6  6472.7
10008.8  6922.13
9741.48  6829.26
10153.9  6599.8
9302.81  6914.35
9790.83  6907.6
10500.6  7097.46
10759.1  6754.5
9357.24  6383.07
9684.14  6043.37
9803.15  6363.65
10642  6967.78
10031  6736.68
9546.73  6951.03
9704.58  7538.15
9832.98  6961.07
10182.2  7749.07
10004.4  7943.33
9566.15  8164.21
9931.12  6085.47
10665.6  6716.33
10428.3  7085.64
11140.2  8044.12
10267.6  6665.79
9815.99  6724.29
9239.61  7369.89
10071.9  7733.57
10364.1  8290.64
10062.6  7279.81
10021.5  7692.37
9569.55  7342.97
10844.7  7459.86
8886.69  5995.96
10268.5  6723.09
10082.4  7060.59
